
 333.222
  293 0    292 0   3038 0   3040 0   2925 0    292 0    289 0    293 0
  296 0   2614 0    296 0    296 0    295 0    296 0    293 0    295 0
 3124 0   3334 0    295 0   3073 0   3021 0   3034 0   2894 0    295 0
 2198 0    295 0    295 0    295 0    295 0    295 0    295 0   3895 0

 333.542
  292 0    296 0   3039 0   3047 0   2924 0    296 0    289 0    291 0
  296 0   2614 0    296 0    295 0    295 0    296 0    292 0    295 0
 3125 0   3335 0    295 0   3073 0   3021 0   3034 0   2894 0    295 0
 2198 0    295 0    295 0    295 0    295 0    295 0    295 0   3895 0

 333.862
  292 0    292 0   3039 0   3056 0   2952 0    292 0    289 0    288 0
  300 0   2614 0    296 0    295 0    295 0    295 0    292 0    295 0
 3124 0   3335 0    295 0   3073 0   3021 0   3034 0   2894 0    295 0
 2198 0    295 0    295 0    295 0    295 0    295 0    295 0   3895 0

 334.182
  293 0    292 0   3039 0   3055 0   2939 0    292 0    289 0    286 0
  300 0   2614 0    296 0    296 0    295 0    295 0    292 0    295 0
 3124 0   3335 0    295 0   3073 0   3021 0   3035 0   2894 0    295 0
 2198 0    295 0    295 0    295 0    295 0    295 0    295 0   3895 0

 334.502
  293 0    292 0   3039 0   3048 0   2952 0    296 0    289 0    283 0
  296 0   2614 0    296 0    295 0    295 0    296 0    293 0    295 0
 3124 0   3335 0    295 0   3073 0   3021 0   3034 0   2894 0    295 0
 2198 0    295 0    295 0    295 0    295 0    295 0    295 0   3895 0

 334.822
  293 0    292 0   3039 0   3047 0   2948 0    296 0    289 0    284 0
  295 0   2614 0    296 0    296 0    295 0    295 0    292 0    295 0
 3124 0   3335 0    295 0   3073 0   3021 0   3035 0   2894 0    295 0
 2199 0    295 0    295 0    295 0    295 0    295 0    295 0   3895 0

 335.142
  293 0    292 0   3039 0   3040 0   2921 0    296 0    289 0    286 0
  295 0   2614 0    296 0    295 0    295 0    295 0    292 0    295 0
 3124 0   3335 0    295 0   3073 0   3021 0   3034 0   2894 0    295 0
 2199 0    295 0    295 0    295 0    295 0    295 0    295 0   3895 0

 335.462
  292 0    292 0   3039 0   3033 0   2962 0    292 0    289 0    288 0
  296 0   2614 0    296 0    295 0    295 0    295 0    292 0    295 0
 3124 0   3335 0    295 0   3073 0   3021 0   3035 0   2894 0    295 0
 2199 0    295 0    295 0    295 0    295 0    295 0    295 0   3895 0

 335.782
  293 0    292 0   3040 0   3040 0   2952 0    292 0    289 0    291 0
  296 0   2614 0    296 0    296 0    295 0    295 0    292 0    295 0
 3124 0   3335 0    295 0   3073 0   3021 0   3035 0   2894 0    295 0
 2199 0    295 0    295 0    295 0    295 0    295 0    295 0   3895 0

 336.102
  292 0    292 0   3040 0   3040 0   2962 0    296 0    289 0    289 0
  296 0   2614 0    296 0    295 0    295 0    296 0    293 0    295 0
 3124 0   3335 0    295 0   3073 0   3021 0   3035 0   2894 0    295 0
 2199 0    295 0    295 0    295 0    295 0    295 0    295 0   3895 0

 336.422
  293 0    292 0   3040 0   3047 0   2984 0    296 0    289 0    287 0
  296 0   2614 0    296 0    295 0    295 0    296 0    293 0    295 0
 3124 0   3335 0    295 0   3073 0   3021 0   3035 0   2894 0    295 0
 2199 0    295 0    295 0    295 0    295 0    295 0    295 0   3895 0

 336.742
  293 0    292 0   3040 0   3063 0   2992 0    296 0    289 0    287 0
  296 0   2614 0    296 0    295 0    295 0    295 0    292 0    295 0
 3128 0   3335 0    295 0   3073 0   3021 0   3035 0   2895 0    295 0
 2200 0    295 0    295 0    295 0    295 0    295 0    295 0   3895 0

 337.062
  293 0    292 0   3040 0   3056 0   2964 0    292 0    289 0    289 0
  296 0   2614 0    296 0    296 0    295 0    295 0    292 0    295 0
 3124 0   3340 0    295 0   3073 0   3021 0   3035 0   2894 0    295 0
 2199 0    295 0    295 0    295 0    295 0    295 0    295 0   3895 0

 337.381
  292 0    292 0   3040 0   3040 0   2932 0    292 0    289 0    295 0
  295 0   2614 0    296 0    295 0    295 0    295 0    292 0    295 0
 3128 0   3340 0    295 0   3073 0   3022 0   3035 0   2895 0    295 0
 2200 0    295 0    295 0    295 0    295 0    295 0    295 0   3895 0

 337.701
  293 0    292 0   3040 0   3040 0   2924 0    296 0    289 0    298 0
  296 0   2614 0    296 0    296 0    295 0    296 0    293 0    295 0
 3128 0   3336 0    295 0   3074 0   3022 0   3035 0   2895 0    295 0
 2200 0    295 0    295 0    295 0    295 0    295 0    295 0   3895 0

 338.021
  293 0    292 0   3040 0   3040 0   2930 0    296 0    289 0    302 0
  296 0   2614 0    295 0    295 0    295 0    295 0    292 0    295 0
 3128 0   3336 0    295 0   3073 0   3022 0   3035 0   2895 0    295 0
 2204 0    295 0    295 0    295 0    295 0    295 0    295 0   3895 0

 338.341
  292 0    292 0   3040 0   3047 0   2953 0    296 0    289 0    303 0
  296 0   2613 0    296 0    296 0    295 0    296 0    292 0    295 0
 3128 0   3336 0    295 0   3074 0   3021 0   3035 0   2895 0    295 0
 2204 0    295 0    295 0    295 0    295 0    295 0    295 0   3895 0

 338.661
  293 0    292 0   3040 0   3052 0   2964 0    296 0    289 0    302 0
  295 0   2613 0    296 0    296 0    295 0    295 0    292 0    295 0
 3128 0   3336 0    295 0   3074 0   3022 0   3035 0   2895 0    295 0
 2204 0    295 0    295 0    295 0    295 0    295 0    295 0   3895 0

 338.981
  292 0    292 0   3041 0   3047 0   3002 0    296 0    289 0    300 0
  295 0   2613 0    296 0    295 0    295 0    295 0    292 0    295 0
 3123 0   3337 0    295 0   3074 0   3022 0   3035 0   2895 0    295 0
 2200 0    295 0    295 0    295 0    295 0    295 0    295 0   3895 0

 339.301
  293 0    292 0   3041 0   3064 0   2969 0    296 0    289 0    297 0
  296 0   2612 0    295 0    295 0    295 0    295 0    292 0    295 0
 3128 0   3336 0    295 0   3074 0   3022 0   3035 0   2895 0    295 0
 2200 0    295 0    295 0    295 0    295 0    295 0    295 0   3895 0

 339.621
  293 0    292 0   3041 0   3040 0   2932 0    296 0    289 0    294 0
  296 0   2612 0    300 0    295 0    295 0    296 0    292 0    295 0
 3123 0   3337 0    295 0   3074 0   3022 0   3035 0   2895 0    295 0
 2200 0    295 0    295 0    295 0    295 0    295 0    295 0   3895 0

 339.941
  293 0    292 0   3041 0   3040 0   2922 0    292 0    289 0    295 0
  296 0   2612 0    296 0    296 0    295 0    295 0    292 0    295 0
 3128 0   3337 0    295 0   3074 0   3022 0   3035 0   2895 0    295 0
 2200 0    295 0    295 0    295 0    295 0    295 0    295 0   3895 0

 340.261
  292 0    292 0   3041 0   3039 0   2936 0    296 0    289 0    294 0
  295 0   2612 0    296 0    295 0    295 0    296 0    292 0    295 0
 3128 0   3337 0    295 0   3074 0   3022 0   3035 0   2895 0    295 0
 2200 0    295 0    295 0    295 0    295 0    295 0    295 0   3895 0

 340.581
  293 0    292 0   3041 0   3040 0   2952 0    296 0    289 0    295 0
  296 0   2612 0    296 0    296 0    295 0    295 0    292 0    295 0
 3123 0   3337 0    295 0   3074 0   3022 0   3035 0   2895 0    295 0
 2201 0    295 0    295 0    295 0    295 0    295 0    295 0   3895 0

 340.901
  293 0    292 0   3042 0   3048 0   2956 0    296 0    289 0    295 0
  295 0   2616 0    296 0    295 0    295 0    296 0    293 0    295 0
 3123 0   3337 0    295 0   3075 0   3022 0   3035 0   2895 0    295 0
 2201 0    295 0    295 0    295 0    295 0    295 0    295 0   3895 0

 341.221
  292 0    292 0   3042 0   3060 0   2968 0    296 0    289 0    294 0
  296 0   2612 0    296 0    295 0    295 0    296 0    292 0    295 0
 3123 0   3337 0    295 0   3074 0   3022 0   3035 0   2895 0    295 0
 2201 0    295 0    295 0    295 0    295 0    295 0    295 0   3895 0

 341.541
  292 0    292 0   3042 0   3056 0   2960 0    292 0    289 0    295 0
  295 0   2611 0    296 0    295 0    295 0    295 0    292 0    295 0
 3123 0   3337 0    295 0   3075 0   3022 0   3035 0   2895 0    295 0
 2201 0    295 0    295 0    295 0    295 0    295 0    295 0   3895 0

 341.861
  293 0    292 0   3042 0   3047 0   2948 0    296 0    289 0    292 0
  296 0   2611 0    296 0    296 0    295 0    296 0    293 0    295 0
 3123 0   3337 0    295 0   3075 0   3022 0   3036 0   2895 0    295 0
 2201 0    295 0    295 0    295 0    295 0    295 0    295 0   3895 0

 342.181
  293 0    292 0   3043 0   3044 0   2939 0    292 0    289 0    296 0
  296 0   2611 0    296 0    296 0    295 0    295 0    292 0    295 0
 3123 0   3338 0    295 0   3075 0   3022 0   3036 0   2895 0    295 0
 2201 0    295 0    295 0    295 0    295 0    295 0    295 0   3895 0

 342.501
  292 0    292 0   3043 0   3047 0   2984 0    296 0    289 0    296 0
  295 0   2611 0    296 0    295 0    295 0    296 0    292 0    295 0
 3123 0   3338 0    295 0   3075 0   3022 0   3036 0   2895 0    295 0
 2201 0    295 0    295 0    295 0    295 0    295 0    295 0   3895 0

 342.791
  293 0    292 0   3043 0   3047 0   2984 0    296 0    289 0    295 0
  295 0   2611 0    296 0    295 0    295 0    296 0    293 0    295 0
 3128 0   3339 0    295 0   3075 0   3022 0   3036 0   2895 0    295 0
 2201 0    295 0    295 0    295 0    295 0    295 0    295 0   3895 0

 343.131
  293 0    293 0   3043 0   3055 0   2960 0    296 0    289 0    295 0
  295 0   2611 0    296 0    295 0    295 0    295 0    292 0    295 0
 3128 0   3339 0    295 0   3075 0   3022 0   3036 0   2895 0    295 0
 2201 0    295 0    295 0    295 0    295 0    295 0    295 0   3895 0

 343.461
  292 0    292 0   3043 0   3054 0   2954 0    296 0    289 0    294 0
  295 0   2611 0    296 0    295 0    295 0    295 0    292 0    295 0
 3123 0   3339 0    295 0   3075 0   3022 0   3040 0   2896 0    295 0
 2202 0    295 0    295 0    295 0    295 0    295 0    295 0   3895 0

 343.781
  293 0    296 0   3043 0   3056 0   2953 0    296 0    289 0    296 0
  296 0   2611 0    296 0    295 0    295 0    295 0    292 0    295 0
 3123 0   3339 0    295 0   3075 0   3022 0   3040 0   2896 0    295 0
 2202 0    295 0    295 0    295 0    295 0    295 0    295 0   3895 0

 344.101
  292 0    292 0   3043 0   3052 0   2956 0    296 0    289 0    292 0
  296 0   2611 0    296 0    295 0    295 0    296 0    293 0    295 0
 3123 0   3339 0    295 0   3075 0   3022 0   3036 0   2896 0    295 0
 2202 0    295 0    295 0    295 0    295 0    295 0    295 0   3895 0

 344.421
  293 0    292 0   3043 0   3048 0   2946 0    296 0    289 0    296 0
  295 0   2611 0    296 0    300 0    295 0    296 0    292 0    295 0
 3123 0   3339 0    295 0   3075 0   3022 0   3040 0   2896 0    295 0
 2202 0    295 0    295 0    295 0    295 0    295 0    295 0   3895 0

 344.741
  292 0    292 0   3043 0   3040 0   2933 0    296 0    289 0    293 0
  295 0   2611 0    296 0    295 0    295 0    295 0    293 0    295 0
 3123 0   3339 0    295 0   3075 0   3022 0   3036 0   2896 0    295 0
 2203 0    295 0    295 0    295 0    295 0    295 0    295 0   3895 0

 345.061
  293 0    292 0   3043 0   3040 0   2934 0    296 0    289 0    296 0
  295 0   2611 0    296 0    296 0    295 0    295 0    292 0    295 0
 3123 0   3339 0    295 0   3075 0   3022 0   3040 0   2896 0    295 0
 2203 0    295 0    295 0    295 0    295 0    295 0    295 0   3895 0

 345.381
  292 0    292 0   3043 0   3023 0   2969 0    296 0    289 0    289 0
  295 0   2610 0    296 0    296 0    295 0    296 0    292 0    295 0
 3123 0   3339 0    295 0   3075 0   3022 0   3040 0   2896 0    295 0
 2203 0    295 0    295 0    295 0    295 0    295 0    295 0   3895 0

 345.701
  292 0    292 0   3043 0   3024 0   3017 0    296 0    289 0    286 0
  296 0   2611 0    296 0    296 0    295 0    296 0    292 0    295 0
 3123 0   3339 0    295 0   3075 0   3022 0   3040 0   2896 0    295 0
 2203 0    295 0    295 0    295 0    295 0    295 0    295 0   3895 0

 346.021
  292 0    292 0   3044 0   3064 0   2953 0    296 0    289 0    287 0
  295 0   2610 0    296 0    295 0    295 0    295 0    292 0    295 0
 3123 0   3340 0    295 0   3075 0   3022 0   3036 0   2896 0    295 0
 2203 0    295 0    295 0    295 0    295 0    295 0    295 0   3895 0

 346.341
  293 0    292 0   3044 0   3056 0   2956 0    296 0    289 0    289 0
  295 0   2610 0    296 0    295 0    295 0    296 0    293 0    295 0
 3123 0   3340 0    295 0   3075 0   3022 0   3036 0   2896 0    295 0
 2203 0    295 0    295 0    295 0    295 0    295 0    295 0   3895 0

 346.661
  293 0    292 0   3044 0   3048 0   2952 0    296 0    289 0    289 0
  296 0   2610 0    296 0    295 0    295 0    295 0    292 0    295 0
 3123 0   3340 0    295 0   3075 0   3022 0   3036 0   2896 0    295 0
 2203 0    295 0    295 0    295 0    295 0    295 0    295 0   3895 0

 346.981
  292 0    292 0   3044 0   3047 0   2984 0    296 0    289 0    292 0
  295 0   2610 0    296 0    295 0    295 0    296 0    293 0    295 0
 3123 0   3340 0    295 0   3075 0   3023 0   3036 0   2896 0    295 0
 2203 0    295 0    295 0    295 0    295 0    295 0    295 0   3895 0

 347.301
  293 0    292 0   3044 0   3056 0   2964 0    296 0    289 0    291 0
  296 0   2610 0    295 0    295 0    295 0    295 0    292 0    295 0
 3123 0   3340 0    295 0   3075 0   3022 0   3040 0   2896 0    295 0
 2203 0    295 0    295 0    295 0    295 0    295 0    295 0   3895 0

 347.621
  293 0    292 0   3044 0   3048 0   2960 0    296 0    289 0    289 0
  295 0   2610 0    296 0    296 0    295 0    295 0    293 0    295 0
 3123 0   3340 0    295 0   3075 0   3022 0   3036 0   2896 0    295 0
 2203 0    295 0    295 0    295 0    295 0    295 0    295 0   3895 0

 347.941
  292 0    292 0   3044 0   3041 0   2987 0    296 0    289 0    287 0
  296 0   2610 0    296 0    296 0    295 0    295 0    292 0    295 0
 3122 0   3340 0    295 0   3075 0   3022 0   3036 0   2897 0    295 0
 2204 0    295 0    295 0    295 0    295 0    295 0    295 0   3895 0

 348.261
  293 0    292 0   3044 0   3060 0   2968 0    296 0    289 0    288 0
  296 0   2610 0    296 0    296 0    295 0    295 0    292 0    295 0
 3123 0   3340 0    295 0   3075 0   3022 0   3036 0   2897 0    295 0
 2204 0    295 0    295 0    295 0    295 0    295 0    295 0   3895 0

 348.581
  293 0    292 0   3044 0   3059 0   2960 0    296 0    289 0    291 0
  296 0   2610 0    296 0    296 0    295 0    296 0    292 0    295 0
 3122 0   3340 0    295 0   3075 0   3023 0   3036 0   2897 0    295 0
 2204 0    295 0    295 0    295 0    295 0    295 0    295 0   3895 0

 348.901
  293 0    292 0   3045 0   3056 0   2953 0    292 0    289 0    296 0
  295 0   2609 0    296 0    296 0    295 0    295 0    292 0    295 0
 3122 0   3340 0    295 0   3075 0   3023 0   3036 0   2897 0    295 0
 2204 0    295 0    295 0    295 0    295 0    295 0    295 0   3895 0

 349.221
  293 0    292 0   3044 0   3043 0   2952 0    296 0    289 0    295 0
  295 0   2609 0    296 0    295 0    295 0    295 0    293 0    295 0
 3122 0   3340 0    295 0   3075 0   3023 0   3036 0   2897 0    295 0
 2204 0    295 0    295 0    295 0    295 0    295 0    295 0   3895 0

 349.541
  293 0    292 0   3045 0   3047 0   2954 0    296 0    289 0    300 0
  296 0   2609 0    296 0    296 0    295 0    296 0    293 0    295 0
 3122 0   3341 0    295 0   3075 0   3023 0   3036 0   2897 0    295 0
 2204 0    295 0    295 0    295 0    295 0    295 0    295 0   3895 0

 349.861
  293 0    292 0   3045 0   3052 0   2948 0    296 0    289 0    308 0
  296 0   2609 0    296 0    295 0    295 0    295 0    292 0    295 0
 3122 0   3341 0    295 0   3075 0   3023 0   3036 0   2897 0    295 0
 2204 0    295 0    295 0    295 0    295 0    295 0    295 0   3895 0

 350.181
  292 0    292 0   3046 0   3048 0   2953 0    296 0    289 0    316 0
  296 0   2609 0    296 0    295 0    295 0    296 0    293 0    295 0
 3122 0   3341 0    295 0   3075 0   3023 0   3036 0   2897 0    295 0
 2204 0    295 0    295 0    295 0    295 0    295 0    295 0   3895 0

 350.501
  293 0    292 0   3046 0   3064 0   2961 0    296 0    289 0    316 0
  295 0   2609 0    295 0    295 0    295 0    295 0    292 0    295 0
 3122 0   3341 0    295 0   3075 0   3023 0   3036 0   2897 0    295 0
 2204 0    295 0    295 0    295 0    295 0    295 0    295 0   3895 0

